StartChar: onequarter
Encoding: 261 188 182
Width: 320
Flags: HW
HStem: 135 5.20625<361.875 389.792> 135 119<266.4 293.2 293.2 293.2> 135 5.20625<179.3 206.1> 154.833 19.8333<347.917 403.75> 249.042 4.95833<361.875 389.792 361.875 389.792> 249.042 4.95833<179.3 206.1 179.3 206.1>
VStem: 179.3 26.8<135 254> 239.6 26.8<135 153.026> 293.2 26.8<235.974 254> 361.875 27.9167<135 254>
LayerCount: 2
Fore
Refer: 54 47 S 1 0 0 1 0 80 2
Refer: 25 49 N 0.67 0 0 0.5 29.7 440 2
Refer: 62 52 S 0.67 0 0 0.5 132.4 0 2
EndChar
