StartChar: onehalf
Encoding: 260 189 181
Width: 720
Flags: HW
HStem: 0 80<550 680> 80 480<320 400 400 400> 160 21<160 240> 360 21<440 520> 400 80<529.053 590.983> 620 20<160 240 160 240>
VStem: 160 80<160 640> 240 80<80 152.711> 400 80<487.289 560> 440 240<0 37.7793 360 380 360 380 1.53064e-18 1.53064e-18> 600 80<354.402 395.394>
LayerCount: 2
Fore
Refer: 135 50 N 1 0 0 1 400 0 2
Refer: 54 47 S 1 0 0 1 160 80 2
Refer: 25 49 S 1 0 0 1 0 160 2
Validated: 5
EndChar
