StartChar: onequarter
Encoding: 261 188 182
Width: 640
Flags: HW
HStem: 270 10.4125<662.5 704.167> 270 238<520 560 560 560> 270 10.4125<390 430> 309.667 39.6667<641.667 725> 498.083 9.91667<662.5 704.167 662.5 704.167> 498.083 9.91667<390 430 390 430>
VStem: 390 40<270 508> 480 40<270 306.052> 560 40<471.948 508> 662.5 41.6667<270 508>
LayerCount: 2
Fore
Refer: 62 52 S 1 0 0 1 320 0 2
Refer: 54 47 N 1 0 0 1 160 80 2
Refer: 25 49 N 1 0 0 1 0 160 2
Validated: 5
EndChar
