StartChar: uni00B9
Encoding: 185 185 179
Width: 240
Flags: W
HStem: 270 10.4125<70 110> 498.083 9.91667<70 110 70 110>
VStem: 70 40<270 508>
LayerCount: 2
Fore
Refer: 25 49 S 0.5 0 0 0.495833 30 270 2
Validated: 5
EndChar
